1 1 1 1 1 18 18 24 29 29 29 36 36 44
2 2 2 1 1 18 18 18 30 29 36 36 44 44
2 3 2 10 10 10 10 21 30 29 37 37 37 44
3 3 10 10 13 10 21 21 29 29 38 37 37 45
3 3 4 13 13 13 22 25 25 25 38 37 37 45
4 4 4 4 13 13 22 26 25 25 25 40 45 45
5 5 4 4 13 19 19 26 26 32 33 41 41 45
5 5 5 14 15 19 15 27 27 33 33 42 41 45
6 8 8 11 15 15 15 27 27 33 33 42 42 45
6 6 11 11 11 11 23 27 27 34 35 42 42 42
6 6 11 11 16 17 23 20 31 35 35 35 46 42
6 9 9 12 17 17 20 20 31 31 39 35 35 47
7 9 9 12 12 20 20 20 31 31 39 39 43 43
7 9 12 12 12 12 20 28 28 28 28 43 43 43