1 7 7 14 14 14 14 14 34 34 44 44 44 44 48 61 61
1 1 12 14 20 20 14 31 34 38 39 48 48 48 48 61 61
2 1 1 13 20 23 23 23 34 39 39 39 39 48 48 53 61
2 1 13 13 20 16 23 32 35 35 35 35 39 53 53 53 61
2 8 13 15 16 16 16 32 35 27 35 49 49 49 53 53 61
2 8 13 16 16 16 27 27 27 27 40 49 49 49 57 57 58
2 8 8 8 8 24 24 24 27 40 40 45 45 54 58 58 58
2 2 3 8 17 25 24 33 33 33 40 45 45 55 55 55 64
3 3 3 17 17 25 24 33 33 33 45 45 45 55 55 55 64
4 3 3 17 18 25 28 28 28 41 42 42 51 51 51 62 64
4 4 4 17 18 25 25 25 25 42 42 42 51 56 51 51 64
5 9 9 18 18 26 26 26 26 42 42 50 52 52 51 59 59
5 9 9 9 21 22 29 26 29 43 46 46 46 52 59 59 59
5 10 10 9 21 22 29 29 29 43 46 47 46 52 60 63 63
5 5 5 11 22 22 22 30 30 30 47 47 47 52 60 60 63
6 11 11 11 11 22 30 30 36 37 37 47 47 52 60 63 63
6 6 11 19 19 22 30 30 37 37 37 37 37 52 60 63 63