1 1 1 1 13 13 24 28 28 28 28 28 43 43
1 2 9 9 13 20 21 29 28 28 37 43 43 43
2 2 10 13 13 21 21 21 32 32 38 44 45 45
3 2 10 10 13 17 18 18 32 33 38 44 45 45
3 2 2 14 17 17 18 25 32 33 33 44 46 46
3 3 3 14 14 18 18 25 33 33 39 39 46 46
3 7 7 14 18 18 25 25 33 33 39 39 47 47
3 8 7 15 11 22 22 30 30 30 40 40 47 47
4 7 7 11 11 23 26 26 26 35 35 40 40 40
4 4 7 11 11 23 26 26 26 34 41 41 48 40
4 4 11 11 16 19 19 31 34 34 41 41 48 48
5 5 6 16 16 19 19 31 27 34 36 41 48 48
6 6 6 12 19 19 27 27 27 36 36 42 42 48
6 6 12 12 12 12 12 27 27 27 42 42 42 49