1 6 6 6 6 6 24 24 24 30 37 37 40 45
1 1 9 9 6 17 17 30 30 30 30 37 40 40
1 1 9 9 15 15 25 25 30 33 33 40 40 46
2 1 10 10 15 15 26 26 33 33 33 41 41 46
2 1 11 10 15 18 26 26 33 34 34 34 41 46
3 3 11 11 15 18 27 27 27 35 35 38 41 41
4 4 11 13 13 19 19 19 19 19 38 38 38 47
4 4 4 14 14 20 22 31 31 19 38 38 38 47
4 7 7 14 14 14 22 22 32 19 39 42 44 47
4 7 7 14 14 21 22 32 32 32 39 42 44 44
5 7 12 12 12 22 22 22 28 32 39 39 43 44
5 8 8 12 16 16 28 28 28 32 39 43 43 43
5 8 8 12 16 16 16 29 29 29 29 43 36 48
5 5 8 12 16 23 29 29 29 36 36 36 36 36