1 1 1 17 22 22 22 22 28 28 38 46 46 55 55 55 58
1 1 10 17 17 17 22 22 28 38 38 38 46 55 46 55 58
1 1 11 11 11 11 28 28 28 39 45 38 46 46 46 55 58
2 2 12 18 23 23 23 23 28 39 45 45 45 45 58 58 58
2 2 12 13 23 23 24 24 24 39 39 39 53 53 53 59 62
2 7 13 13 23 24 24 33 33 33 40 39 53 53 56 59 62
3 7 13 13 13 25 24 29 35 40 40 47 47 56 56 59 62
3 7 13 8 8 25 29 29 35 35 41 41 54 54 59 59 59
3 8 8 8 19 26 30 29 36 41 41 41 54 54 54 61 59
3 3 8 19 19 26 26 29 37 37 41 48 48 49 54 61 61
3 3 8 20 20 20 26 26 37 37 34 49 49 49 49 61 61
4 4 14 20 20 27 27 34 34 34 34 50 50 50 49 61 63
5 4 14 14 15 27 27 27 34 42 42 42 42 57 57 57 63
5 5 15 15 15 27 31 31 34 42 42 51 51 57 57 60 63
6 6 6 21 21 21 31 31 32 43 43 43 51 51 60 60 63
6 6 16 16 16 16 32 32 32 43 44 52 52 52 60 60 60
6 9 9 9 16 16 32 32 32 44 44 44 52 52 52 60 64