1 9 9 9 9 23 18 28 28 38 41 41 48 48 55 56 56
2 10 10 14 18 18 18 29 29 29 41 41 41 48 48 56 56
2 2 14 14 19 19 19 29 29 29 41 41 48 48 56 56 56
3 3 15 15 15 19 19 30 30 33 33 33 33 45 45 59 59
3 3 15 15 20 24 19 30 30 33 39 44 45 45 52 60 59
4 11 15 15 20 24 24 24 33 33 39 45 45 52 52 60 60
5 11 11 5 20 25 25 24 34 39 39 46 45 52 52 57 63
5 5 5 5 5 21 25 25 34 39 39 46 46 52 57 57 58
6 12 12 12 21 21 21 25 34 40 40 40 49 49 57 58 58
6 6 12 16 16 21 21 25 31 40 40 40 50 49 58 58 58
6 6 12 16 16 16 27 31 31 31 42 40 50 50 50 50 61
6 6 12 12 22 16 27 27 35 35 42 42 42 50 53 61 61
7 13 13 17 22 16 27 27 36 35 35 42 42 53 53 53 53
7 7 13 17 22 22 26 27 37 35 35 43 51 51 53 62 62
7 7 13 17 17 26 26 32 37 37 43 43 43 51 54 62 62
7 7 8 8 17 26 26 32 37 37 43 47 47 51 54 54 64
8 8 8 8 17 17 26 26 37 37 43 43 47 54 54 54 54