1 1 1 13 13 17 24 29 29 33 33 33 33 41
1 1 11 11 11 17 24 24 24 30 33 41 41 41
2 2 2 2 11 18 18 30 30 30 35 36 41 47
3 4 2 12 11 18 18 18 30 30 35 36 45 45
4 4 4 12 11 19 19 19 19 30 36 36 42 45
5 4 12 12 11 20 20 25 31 31 36 42 42 45
6 6 12 12 12 21 25 25 25 31 37 37 42 48
6 10 7 14 16 21 21 21 26 31 38 38 42 48
6 6 7 14 14 21 26 26 26 26 39 39 42 46
7 7 7 14 15 21 27 26 32 32 32 32 46 46
8 7 7 15 15 22 22 28 32 34 32 43 46 46
8 8 8 15 15 22 22 28 32 34 34 43 43 49
8 8 9 15 15 22 28 28 28 23 40 44 44 44
9 9 9 9 9 23 23 23 23 23 40 40 40 40