1 1 11 11 20 23 23 23 32 32 41 41 41 45
1 1 11 11 20 20 26 23 23 35 41 41 45 45
1 1 1 11 11 20 26 26 23 36 41 41 45 45
2 7 7 15 15 20 26 27 23 36 42 42 45 45
2 8 8 15 15 15 27 27 27 36 42 42 42 42
2 2 12 16 15 24 24 24 33 37 37 37 46 46
3 9 12 16 16 16 24 24 24 37 37 37 47 47
3 10 12 13 21 13 13 29 29 37 43 43 43 48
4 10 13 13 13 13 28 29 29 38 43 43 43 48
4 10 10 17 17 17 28 28 28 38 38 39 48 48
4 5 14 17 18 18 28 30 30 39 39 39 39 39
4 5 14 18 18 18 25 25 34 34 39 44 49 49
5 5 14 19 22 25 25 25 25 40 40 44 49 49
6 6 14 19 19 19 25 31 31 40 44 44 44 44