1 1 10 10 10 21 22 26 26 34 34 34 43 43
1 1 1 1 10 21 21 26 31 31 31 31 31 41
2 2 2 2 18 18 21 27 27 31 31 40 40 41
2 2 11 12 12 19 21 21 27 35 35 35 41 41
3 3 12 12 19 19 21 28 28 35 35 35 41 44
4 5 13 13 19 19 23 23 28 28 35 41 41 44
5 5 5 13 20 20 24 24 32 33 36 42 42 44
5 5 5 13 20 20 20 14 32 33 36 36 42 42
6 6 7 14 14 14 14 14 32 33 33 36 42 45
7 7 7 14 15 15 15 29 33 33 37 37 37 45
7 7 7 15 15 17 15 29 25 33 37 37 37 45
8 9 9 9 9 17 25 25 25 30 38 38 38 45
8 8 8 16 16 17 25 30 30 30 38 38 38 45
8 8 8 17 17 17 25 30 30 30 39 39 39 39