1 2 2 17 20 20 28 28 28 28 44 44 44 44 44 44 44
2 2 2 17 17 20 28 31 31 38 38 39 49 49 49 49 61
2 2 12 17 18 20 28 28 31 31 31 39 49 49 49 61 61
3 3 12 12 18 26 29 29 31 31 39 39 50 50 50 61 62
4 9 10 12 18 26 30 29 29 39 39 39 50 50 50 62 62
4 10 10 12 18 21 30 30 32 40 40 40 40 55 55 62 62
4 4 13 18 18 21 21 32 32 32 45 40 40 55 55 57 62
5 4 13 14 21 21 21 33 36 32 45 47 51 51 55 57 57
5 4 14 14 22 22 23 33 36 41 41 47 52 52 57 57 58
5 6 14 14 23 23 23 33 36 42 42 47 47 52 52 57 58
6 6 6 15 15 15 23 27 36 36 42 48 48 53 52 52 58
7 6 15 15 15 27 27 27 36 42 42 48 53 53 58 58 58
7 7 16 19 19 27 27 27 37 42 42 48 53 53 59 59 59
7 7 16 16 19 19 24 34 37 37 46 46 54 54 59 60 59
8 8 16 16 24 24 24 34 34 34 46 46 54 54 60 60 60
8 11 16 16 24 24 25 35 35 43 43 46 54 56 56 60 63
8 8 8 8 25 25 25 25 25 25 43 43 43 56 56 60 60