1 2 2 2 15 15 26 26 26 36 36 45 51 51 51 60 60
2 2 2 15 15 15 27 31 26 36 36 45 45 45 51 51 60
3 3 3 15 16 16 27 28 26 37 36 46 46 46 46 46 60
3 3 3 3 16 20 27 28 28 37 37 47 47 47 47 46 63
4 4 4 16 16 20 28 28 28 37 37 37 47 47 47 61 63
4 4 4 11 16 16 29 29 29 38 38 38 38 38 38 56 63
4 5 11 11 11 21 21 21 21 39 43 43 52 52 56 56 63
5 5 5 17 17 17 17 21 33 33 43 40 52 55 55 55 63
5 5 5 12 17 17 30 30 34 40 40 40 40 55 57 55 63
6 6 12 12 12 12 30 30 34 34 34 34 48 55 55 62 62
7 7 13 13 19 19 19 32 32 32 41 48 48 48 49 62 62
8 7 7 13 19 19 19 32 35 41 41 41 48 49 49 62 62
8 8 13 13 18 22 22 32 35 41 41 49 49 49 58 58 62
8 8 14 14 18 22 23 23 23 42 44 49 53 53 58 58 58
9 10 10 10 18 23 23 23 24 42 44 50 53 53 53 53 58
9 10 9 18 18 24 24 24 24 24 44 44 44 53 59 59 54
9 9 9 18 18 25 25 25 25 24 44 44 54 54 54 54 54