1 1 1 2 2 21 26 21 33 33 33 33 44 44
2 2 2 2 14 21 21 21 21 33 37 33 44 44
3 3 11 2 14 14 27 27 27 27 37 38 44 44
3 3 3 14 14 14 28 27 27 27 38 38 38 44
4 3 3 14 9 22 28 28 28 34 39 38 38 38
4 9 9 9 9 22 22 28 28 34 34 43 43 45
4 4 9 9 18 23 23 23 23 35 35 35 43 45
5 5 5 15 15 15 23 23 29 35 35 35 45 45
5 5 5 5 12 12 23 29 29 29 40 40 40 45
6 6 12 12 12 24 29 29 32 30 30 40 40 45
7 10 10 12 19 24 24 32 32 30 41 40 42 42
8 8 13 16 16 25 30 30 30 30 42 42 42 46
8 8 13 13 20 20 20 20 31 36 42 42 46 46
8 8 8 17 20 20 31 31 31 36 36 36 36 36