1 7 7 7 17 17 17 27 32 32 38 38 38 38
1 1 7 7 12 17 17 27 32 34 39 39 39 39
1 1 7 12 12 17 24 24 32 34 34 34 39 46
1 1 7 12 12 12 24 24 24 34 34 40 46 46
2 2 10 10 10 19 20 28 24 29 40 40 47 47
2 2 11 13 13 20 20 29 29 29 29 44 45 49
2 2 11 11 13 20 20 30 30 29 41 45 45 49
3 3 8 13 13 21 21 30 30 30 30 45 45 49
3 3 8 14 14 22 22 25 30 35 36 42 42 48
3 8 8 15 15 22 25 25 25 36 36 42 48 48
4 4 8 16 16 16 26 26 33 37 42 42 42 48
4 5 5 16 16 16 26 31 33 33 33 33 48 48
5 5 5 9 16 23 26 31 31 33 43 33 43 43
6 9 9 9 18 23 23 31 31 31 43 43 43 43