1 1 1 1 1 1 25 25 31 31 38 38 50 50 54 54 62
1 2 11 11 20 20 20 31 31 38 38 38 38 50 54 56 62
2 2 2 11 11 20 26 26 26 39 39 38 45 54 54 56 62
3 2 12 7 20 20 27 27 26 39 39 45 45 45 54 56 62
3 2 2 7 21 20 27 27 28 40 40 46 46 46 56 56 56
3 7 7 7 21 21 21 27 28 28 40 40 46 46 46 57 57
4 4 4 15 16 21 28 28 28 41 41 40 40 46 57 57 60
4 8 8 16 16 21 29 29 28 41 41 43 40 55 57 57 60
5 8 8 17 17 17 29 29 29 41 43 43 43 43 51 57 60
5 8 13 18 17 17 29 32 29 41 41 42 43 43 51 60 60
5 5 13 18 18 18 30 32 33 42 42 42 51 51 51 51 51
5 9 13 13 22 18 30 33 33 42 42 42 52 52 52 52 52
5 5 13 13 22 23 30 30 35 35 44 47 47 47 52 61 61
6 10 13 14 19 23 23 23 36 36 44 44 47 47 52 59 61
6 10 14 14 19 19 24 34 34 34 34 44 53 53 58 59 59
6 10 14 19 19 19 24 24 24 37 37 48 48 49 59 59 59
6 10 10 10 19 24 24 24 37 37 37 49 49 49 49 49 63