1 1 11 11 19 19 19 19 37 40 40 46 45 54 59 59 59
1 9 9 9 9 19 19 19 37 40 45 45 45 54 54 59 59
1 1 1 17 9 17 28 28 37 41 41 41 41 54 54 59 60
2 1 12 17 17 17 25 25 25 25 41 41 41 55 60 60 60
2 2 12 12 20 20 25 33 33 38 38 38 51 55 55 55 55
2 2 2 12 12 25 25 33 38 38 38 47 47 55 55 61 61
3 3 2 18 18 26 29 33 39 39 39 47 47 52 61 61 61
4 4 5 18 18 21 29 34 34 39 39 47 52 52 52 52 61
5 5 5 5 21 21 29 34 34 42 42 48 52 56 56 56 61
5 5 13 14 21 21 29 29 34 42 42 48 52 57 56 64 64
6 10 14 14 14 22 30 30 31 42 42 43 53 57 62 64 64
6 10 15 15 14 22 31 31 31 43 43 43 53 58 62 62 62
6 7 7 15 22 22 27 35 35 43 43 43 49 58 58 62 62
7 7 16 16 23 27 27 27 35 35 44 49 49 49 58 58 62
7 7 16 16 23 24 32 27 27 27 44 49 49 50 50 58 58
8 7 16 8 8 24 24 36 36 36 44 44 49 50 63 63 63
8 8 8 8 24 24 24 24 36 44 44 50 50 50 63 63 63