1 9 9 15 15 21 21 21 21 21 37 37 38 38
2 2 2 15 15 15 15 15 32 32 37 37 38 44
3 3 3 16 16 16 16 16 16 28 38 38 38 44
3 3 10 10 18 22 22 28 28 28 38 39 44 44
3 10 10 10 19 23 23 23 28 24 39 39 44 44
4 4 12 12 19 24 24 24 24 24 24 39 39 39
5 5 13 13 19 25 25 29 29 29 40 39 45 45
5 5 13 13 19 19 19 19 29 33 40 40 40 45
5 6 13 17 17 20 27 30 27 34 34 41 40 45
6 6 13 13 20 20 27 27 27 34 41 41 41 45
6 6 14 14 20 26 26 31 27 35 35 41 41 46
7 11 11 11 20 26 26 31 27 35 42 43 46 46
7 11 11 11 11 26 26 31 31 36 42 43 46 47
8 8 8 8 8 8 26 31 31 36 36 43 43 47