1 1 9 9 9 19 25 25 32 32 32 37 42 42
1 1 9 10 9 19 26 28 28 32 33 37 37 42
1 1 10 10 9 19 19 19 33 33 33 37 37 45
2 1 11 11 17 20 20 20 29 33 33 37 37 43
2 2 11 11 17 17 20 20 29 29 33 38 43 43
3 3 3 13 13 17 20 29 29 29 35 38 43 43
4 4 12 13 18 18 14 30 30 29 35 39 39 39
4 4 12 14 14 14 14 14 30 35 35 35 39 39
4 4 4 14 15 21 15 27 30 36 36 35 39 39
5 5 8 15 15 15 15 27 27 36 36 35 40 44
6 8 8 8 15 22 27 27 34 34 34 40 40 44
6 6 6 16 16 23 23 27 27 31 34 34 44 44
7 7 6 16 16 16 23 31 31 31 34 41 41 46
7 6 6 16 16 24 23 23 23 31 34 41 41 41