1 1 1 10 17 17 17 30 34 34 34 34 50 50 50 54 54
1 1 1 10 10 21 17 30 30 30 34 34 50 54 54 54 63
2 2 10 10 10 10 17 17 17 30 30 47 47 47 47 54 54
3 2 11 11 11 18 18 31 31 40 40 40 51 51 51 51 60
2 2 11 11 18 18 18 28 35 41 41 40 51 51 55 60 60
2 4 4 11 11 18 28 28 35 36 41 40 41 55 55 55 55
2 4 4 12 19 22 22 22 36 36 41 41 41 52 57 61 61
4 4 12 12 19 23 24 32 32 42 42 42 42 52 57 61 61
5 5 5 12 12 23 24 33 33 43 43 43 43 52 57 58 64
5 5 13 13 13 24 24 24 24 43 43 43 52 52 58 58 64
5 6 9 13 13 25 24 29 29 44 45 45 45 45 45 58 58
5 6 9 13 13 25 29 29 29 44 44 44 53 53 53 62 58
6 6 9 14 14 25 25 29 37 44 44 48 53 53 53 62 62
7 9 9 9 20 26 26 26 37 38 38 48 49 56 56 62 62
7 7 7 15 20 27 26 26 38 38 38 49 49 49 49 62 59
7 7 7 15 15 27 16 26 39 38 46 46 49 49 59 59 59
8 8 8 16 16 16 16 16 39 38 46 46 46 46 59 59 59