1 8 8 8 18 18 18 18 32 32 32 32 32 54 56 56 56
1 1 8 8 19 19 19 18 33 33 41 41 41 54 56 56 56
1 9 9 11 19 19 19 19 34 33 33 33 41 54 54 60 56
1 9 11 11 11 11 25 25 33 33 40 48 48 54 50 60 60
1 9 11 11 20 20 20 21 35 40 40 48 48 48 50 60 60
1 2 2 14 20 20 20 21 35 35 35 35 50 50 50 50 64
2 2 2 14 14 21 21 21 21 35 42 49 49 51 57 57 64
3 3 12 14 14 14 22 29 29 29 42 49 51 51 57 61 61
3 3 12 12 12 22 22 29 29 29 43 43 43 52 57 57 61
4 3 10 10 12 22 22 30 30 29 44 43 43 52 52 61 61
4 10 10 10 12 22 22 30 30 30 44 44 52 52 58 58 61
5 5 5 10 16 16 23 31 31 36 45 45 45 53 58 58 61
6 6 5 15 16 23 23 23 36 36 45 45 53 53 53 53 62
6 6 5 16 16 16 16 26 37 37 46 46 46 53 53 62 62
6 7 13 13 13 13 26 26 38 38 46 46 47 55 55 62 62
6 7 7 17 13 24 27 27 38 39 47 47 47 55 59 59 59
7 7 7 17 13 13 28 28 39 39 39 39 47 47 59 63 63