1 1 1 15 15 15 26 29 29 29 29 29 46 46
2 2 2 15 15 21 26 26 26 38 29 39 46 46
3 2 2 15 16 21 26 26 31 38 39 39 46 46
3 3 12 16 16 21 27 26 31 39 39 42 47 47
4 3 12 17 16 16 27 27 31 31 39 42 42 47
4 3 12 18 16 22 22 27 32 32 41 41 47 47
3 3 13 18 18 23 23 27 33 33 34 43 43 43
5 5 13 18 18 23 23 27 34 34 34 43 43 44
6 6 14 18 18 23 23 27 35 34 34 44 44 44
7 7 14 14 14 19 19 19 35 36 34 44 44 45
8 8 14 9 19 19 28 28 36 36 36 45 45 45
9 9 9 9 20 24 20 30 30 36 36 45 48 48
9 10 11 11 20 20 20 25 37 40 40 40 48 48
9 11 11 11 11 25 25 25 37 37 40 40 40 48