1 1 1 11 16 16 17 17 33 33 38 38 38 38
1 2 1 11 17 17 17 17 17 36 36 36 38 38
2 2 11 11 18 18 22 22 22 37 36 37 45 45
2 2 11 11 11 22 22 27 28 37 37 37 37 45
3 2 12 8 19 19 22 28 28 28 37 39 45 45
3 8 8 8 19 19 25 25 34 34 39 39 39 39
3 3 8 8 8 19 19 29 34 34 34 34 39 39
3 3 9 9 20 23 23 29 29 34 40 40 46 46
3 9 9 13 13 21 23 23 29 29 41 41 41 48
4 10 13 13 21 21 23 30 30 29 42 43 43 48
4 4 5 5 5 24 23 30 30 30 42 42 43 48
5 5 5 15 15 24 26 31 31 30 42 42 42 42
6 6 6 6 15 15 26 32 32 32 35 44 44 47
7 6 14 14 14 15 15 15 35 35 35 35 47 47