1 1 1 1 1 22 22 31 31 40 40 40 50 55 55 55 64
2 2 2 14 14 14 14 31 31 31 40 40 40 55 55 55 55
2 2 2 15 15 14 26 31 35 35 42 42 40 51 51 62 59
3 3 11 11 15 15 26 31 36 35 42 42 51 51 51 62 59
4 4 9 15 15 23 26 26 36 36 43 48 51 51 59 62 59
4 9 9 16 16 23 26 24 36 36 37 48 52 52 59 59 59
4 4 9 17 17 24 24 24 36 37 37 48 52 52 52 63 63
5 4 9 17 17 17 17 32 37 37 37 48 48 48 52 63 63
5 5 12 12 18 17 27 28 38 38 44 44 49 56 56 56 63
6 5 12 18 18 18 28 28 39 39 39 44 49 57 57 57 63
6 5 5 18 18 18 21 33 39 39 39 49 49 49 49 57 57
6 10 13 19 19 19 21 33 33 33 45 45 53 53 58 58 57
6 10 13 13 21 21 21 33 33 34 46 46 46 58 58 58 57
6 6 13 13 21 25 25 34 34 34 34 46 47 58 58 60 60
7 8 8 13 13 20 29 30 30 30 47 47 47 54 60 60 61
7 8 8 20 20 20 29 29 30 41 41 41 54 54 61 61 61
8 8 8 20 20 20 30 30 30 41 41 41 41 54 54 61 61