1 1 1 1 1 18 18 18 18 29 43 43 48 55 55 55 58
1 9 9 9 18 18 18 29 29 29 29 48 48 48 48 48 58
2 9 2 9 9 25 25 29 29 30 44 44 48 49 58 58 58
2 2 2 2 19 19 25 30 30 30 31 49 49 49 49 49 58
3 3 3 2 19 19 19 31 31 31 31 45 52 52 59 59 58
3 3 3 3 19 19 26 26 31 31 45 45 52 52 59 59 59
4 10 10 16 16 26 26 32 36 36 45 45 51 56 56 56 60
4 10 10 16 16 16 26 32 36 36 36 50 51 56 56 60 60
5 11 11 14 20 20 28 33 33 33 36 51 51 56 56 60 61
5 11 14 14 20 20 20 33 33 38 38 38 51 51 60 60 61
5 6 15 14 14 21 20 20 37 39 38 38 53 51 61 61 61
6 6 15 14 21 21 21 34 37 37 46 40 53 53 53 57 61
6 6 6 14 22 23 21 34 37 40 40 40 53 57 57 57 61
7 12 12 12 23 23 21 34 34 41 41 41 47 57 57 57 62
7 7 7 7 24 24 21 35 34 35 47 47 47 54 54 62 62
7 13 13 13 17 27 27 35 35 35 42 47 54 54 54 62 62
8 13 13 17 17 27 27 27 35 42 42 47 47 54 54 62 62