1 1 12 12 12 12 12 12 32 32 32 32 32 46
2 1 1 1 17 17 17 26 26 26 26 32 36 36
2 2 3 1 15 15 17 26 33 26 36 36 36 36
2 3 3 15 15 17 17 17 33 33 36 35 41 41
3 3 3 16 18 18 18 27 33 35 35 35 41 41
4 4 3 16 16 18 18 18 18 35 35 35 41 41
4 4 4 13 16 13 24 24 28 28 37 37 42 42
4 9 13 13 13 13 24 28 28 28 37 37 37 47
5 9 14 14 19 19 19 19 28 28 38 37 37 43
5 10 10 14 14 14 14 29 29 30 39 39 43 43
6 6 6 14 20 20 25 30 30 30 39 39 44 44
7 7 11 11 21 21 25 30 30 30 39 39 44 44
8 11 11 11 22 22 22 31 31 31 31 31 45 44
8 8 11 11 23 23 22 31 34 31 40 40 45 45