1 1 1 15 15 20 20 20 33 33 33 33 45 45
1 7 7 7 15 20 20 29 29 29 29 33 33 33
1 1 8 7 15 20 25 25 29 29 29 41 46 46
1 8 8 7 7 21 21 25 34 34 34 41 41 46
2 9 9 9 18 21 21 30 30 34 34 41 41 46
2 10 10 9 18 22 22 31 35 35 34 42 42 42
2 2 2 2 16 22 22 31 36 36 34 43 43 42
3 2 13 13 16 23 23 23 36 36 36 36 36 42
3 3 14 13 16 23 23 23 37 37 37 37 47 42
4 4 14 16 16 16 26 32 32 39 37 39 47 47
4 4 4 17 17 16 26 26 32 39 39 39 39 44
5 11 11 12 12 24 27 27 38 38 39 44 44 44
5 12 12 12 19 24 27 27 27 40 40 40 44 48
6 6 6 6 19 19 28 28 28 40 40 40 48 48