1 2 12 12 12 21 21 27 27 35 40 45 45 45 45 45 45
2 2 2 2 12 21 21 27 27 31 40 40 40 45 55 59 59
2 2 13 13 12 12 21 27 31 31 41 41 40 40 55 59 59
3 3 3 3 14 14 27 27 32 31 41 41 41 40 55 59 59
4 3 3 3 14 14 22 22 31 31 36 46 46 46 56 60 60
4 4 4 14 14 22 22 22 33 31 36 36 46 52 56 60 60
4 9 9 14 17 23 23 22 33 36 36 36 36 52 56 56 60
5 9 9 9 17 23 17 22 28 37 37 37 49 49 56 56 56
5 5 5 5 17 17 17 28 28 38 38 37 50 50 51 61 61
6 6 6 6 17 24 24 29 28 28 38 37 51 51 51 51 62
6 10 10 6 18 18 18 29 29 34 34 37 37 51 57 57 62
7 7 10 15 15 25 18 29 29 34 42 42 47 53 53 62 62
7 10 10 10 10 25 25 25 34 34 43 47 47 47 54 63 62
7 7 7 11 19 19 19 25 34 34 43 47 47 54 54 63 58
8 8 7 11 20 20 19 30 30 30 30 48 47 54 54 54 58
8 8 11 11 20 20 26 26 30 39 44 48 44 54 58 58 58
8 11 11 16 16 26 26 26 30 39 44 44 44 44 44 58 58